0.9502313137054443
0.9064229130744934
0.9948004484176636
0.9308135509490967
0.9772915244102478
0.9383243322372437
0.9502313137054443
0.8400814533233643
0.9721273183822632
0.9382287263870239
0.9982260465621948
0.9502313137054443
0.9216459393501282
0.9502313137054443
0.8492227792739868
0.9690364599227905
0.8360234498977661
0.5
0.8673316240310669
0.9600547552108765
0.9502313137054443
0.822169303894043
0.9502313137054443
0.9776378870010376
0.8243210315704346
0.9530411958694458
0.9918645620346069
0.9860205054283142
0.9446098804473877
0.9313373565673828
0.9690364599227905
0.9643584489822388
0.9276328086853027
0.9756354689598083
0.9664517641067505
0.9502313137054443
0.9577690958976746
0.9310746192932129
0.9990789890289307
0.9891543388366699
0.9082655906677246
0.9283519983291626
0.9935002326965332
0.8334664106369019
0.9888795614242554
0.9819594621658325
0.9804136753082275
0.8658894300460815
0.12412816286087036
0.987318217754364
0.9902032017707825
0.932820200920105
0.9893403649330139
0.5
0.9616516828536987
0.9825773239135742
0.9825680255889893
0.99640953540802
0.9737843871116638
0.9569364786148071
0.9414106607437134
0.7820515036582947
0.9771130084991455
0.9959239959716797
0.9980326294898987
0.9550590515136719
0.5
0.9383243322372437
0.7745764851570129
0.7509683966636658
0.9442583918571472
0.9430216550827026
0.9112107753753662
0.9409357309341431
0.5
0.9795867204666138
0.9144517183303833
0.9526751041412354
0.21499380469322205
0.8468537926673889
0.9912838935852051
0.5
0.9920941591262817
0.9846141338348389
0.9973750114440918
0.986656904220581
0.9901162385940552
0.8876367807388306
0.8814074993133545
0.932820200920105
0.9046493768692017
0.9996449947357178
0.9832626581192017
0.9705778360366821
0.7464622259140015
0.20901966094970703
0.8620729446411133
0.952344536781311
0.9870235919952393
0.9740613102912903
0.7657604813575745
0.9878540635108948
0.9951725006103516
0.9802563786506653
0.9836674928665161
0.9003846645355225
0.9770063757896423
0.9788029193878174
0.5
0.974170446395874
0.8536375761032104
0.9430220723152161
0.9618293046951294
0.5
0.9503412246704102
0.9455071687698364
0.8318089246749878
0.9736864566802979
0.9960402250289917
0.9894148111343384
0.8735742568969727
0.9650131464004517
0.9141236543655396
0.8886397480964661
0.7657604813575745
0.9485695362091064
0.9720898866653442
0.9383243322372437
0.9916717410087585
0.8777798414230347
0.852277398109436
0.8839263916015625
0.9643434286117554
0.9890574216842651
0.9832465052604675
0.7657604813575745
0.9753004312515259
0.8848462104797363
0.9219568371772766
0.9823790788650513
0.9588027596473694
0.820033073425293
0.8287134170532227
0.8198099136352539
0.802345871925354
0.9754605889320374
0.9685642123222351
0.9934878945350647
0.9130480289459229
0.9114741086959839
0.8642594814300537
0.9704426527023315
0.9794022440910339
0.8913712501525879
0.9691891670227051
0.9486963748931885
0.9624884128570557
0.7896439433097839
0.8214260339736938
0.8049047589302063
0.5
0.9644958972930908
0.9754882454872131
0.9873138666152954
0.9942975044250488
0.5
0.9908919930458069
0.9782919883728027
0.9762524366378784
0.18363332748413086
0.9627441167831421
0.8070077896118164
0.987318217754364
0.2376968264579773
0.978063702583313
0.8661593794822693
0.9877510070800781
0.9917410612106323
0.8302952647209167
0.8756136894226074
0.9569873809814453
0.9943192005157471
0.9954068660736084
0.987429678440094
0.9772160053253174
0.9745732545852661
0.8229062557220459
0.7723546028137207
0.9844422340393066
0.5
0.5
0.9183638095855713
0.9527312517166138
0.5
0.9690364599227905
0.994909942150116
0.994210958480835
0.8984499573707581
0.9991161823272705
0.9807588458061218
0.5
0.842971920967102
